1.000000 0.000000 0.000000 0.000000 0.000000 
0.000000 1.000000 0.000000 0.000000 0.000000 
0.000000 0.000000 1.000000 0.000000 0.000000 
0.000000 0.000000 0.000000 1.000000 0.000000 
0.000000 0.000000 0.000000 0.000000 1.000000 
0.200000 0.200000 0.200000 0.200000 0.200000 
0.397577 0.169683 0.195344 0.105159 0.132239 
0.401559 0.143427 0.034147 0.012913 0.407954 
0.050119 0.195139 0.240583 0.238785 0.275374 
0.345744 0.445650 0.018512 0.013749 0.176345 
0.431326 0.154241 0.147669 0.151546 0.115218 
0.271884 0.104735 0.183745 0.187898 0.251738 
0.031386 0.015184 0.208440 0.194764 0.550226 
0.355188 0.243178 0.184267 0.083205 0.134162 
0.595607 0.334345 0.048304 0.020620 0.001124 
0.082036 0.042241 0.360034 0.170145 0.345544 
0.150362 0.111621 0.125754 0.407204 0.205059 
0.219143 0.020638 0.109885 0.436838 0.213496 
0.338510 0.243362 0.152815 0.147693 0.117621 
0.244430 0.260660 0.009779 0.150900 0.334230 
0.225547 0.313766 0.363505 0.046366 0.050817 
0.337692 0.279665 0.237422 0.125528 0.019693 
0.045986 0.288176 0.278337 0.281949 0.105552 
0.226722 0.019594 0.369270 0.156721 0.227694 
0.084489 0.098014 0.688697 0.108567 0.020233 
0.338985 0.156384 0.037195 0.427050 0.040386 
0.074313 0.269063 0.381427 0.253979 0.021217 
0.270801 0.040693 0.216165 0.145024 0.327316 
0.082307 0.013359 0.279360 0.118123 0.506850 
0.118090 0.137500 0.133509 0.502248 0.108653 
0.262767 0.035395 0.082721 0.616970 0.002148 
0.246741 0.045963 0.411457 0.165196 0.130643 
0.340431 0.082656 0.437753 0.046139 0.093021 
0.246517 0.227873 0.409264 0.089633 0.026713 
0.295884 0.066668 0.184604 0.366810 0.086035 
0.240759 0.489962 0.095932 0.105169 0.068178 
0.243084 0.168422 0.276288 0.223471 0.088735 
0.567371 0.234791 0.006412 0.085322 0.106103 
0.048970 0.218674 0.256248 0.381387 0.094721 
0.278208 0.124066 0.125657 0.048347 0.423722 
0.018373 0.230838 0.065866 0.237145 0.447778 
0.165264 0.348826 0.109361 0.172912 0.203638 
0.135669 0.254989 0.067010 0.015340 0.526992 
0.363210 0.268266 0.174994 0.180356 0.013174 
0.119990 0.138320 0.361504 0.258783 0.121403 
0.278304 0.181295 0.114497 0.138160 0.287745 
0.548252 0.022004 0.148890 0.246035 0.034819 
0.491847 0.010692 0.337944 0.040916 0.118601 
0.122825 0.338204 0.496876 0.036804 0.005291 
0.273900 0.111387 0.237564 0.335274 0.041875 
0.105311 0.121037 0.248655 0.425862 0.099135 
0.225010 0.305634 0.043615 0.101611 0.324130 
0.303140 0.220942 0.163555 0.266715 0.045648 
0.394227 0.104972 0.223488 0.274625 0.002689 
0.026439 0.386808 0.451017 0.037886 0.097849 
0.392402 0.034791 0.182950 0.135199 0.254657 
0.393274 0.122530 0.132329 0.067325 0.284543 
0.034725 0.489640 0.019573 0.355387 0.100675 
0.096039 0.328135 0.209049 0.302762 0.064015 
0.011934 0.424790 0.204395 0.307557 0.051324 
0.025106 0.527029 0.338191 0.091034 0.018639 
0.159806 0.204821 0.173944 0.055356 0.406072 
0.320168 0.154890 0.289119 0.222742 0.013082 
0.034187 0.485586 0.448478 0.005889 0.025860 
0.242019 0.283328 0.190505 0.210463 0.073686 
0.483138 0.050677 0.091584 0.331697 0.042904 
0.080162 0.328928 0.207566 0.262577 0.120768 
0.079402 0.237155 0.266173 0.314933 0.102338 
0.103597 0.268880 0.251243 0.100017 0.276263 
0.202257 0.257425 0.267929 0.164701 0.107688 
0.279158 0.070261 0.274344 0.273521 0.102716 
0.393639 0.083478 0.218814 0.079418 0.224651 
0.001556 0.144627 0.339175 0.312078 0.202564 
0.147360 0.409572 0.084643 0.145156 0.213269 
0.299286 0.317667 0.069662 0.150638 0.162747 
0.105301 0.588002 0.060839 0.109020 0.136838 
0.204109 0.096328 0.041722 0.392625 0.265216 
0.123282 0.002955 0.474608 0.398669 0.000487 
0.204204 0.375611 0.191970 0.173708 0.054508 
0.486325 0.083076 0.067008 0.347509 0.016082 
0.074757 0.232748 0.111888 0.384064 0.196544 
0.395051 0.065280 0.028472 0.022975 0.488222 
0.223494 0.086748 0.296529 0.260655 0.132574 
0.484224 0.076008 0.329752 0.100568 0.009448 
0.115731 0.150610 0.401393 0.074424 0.257842 
0.419124 0.278864 0.177542 0.034692 0.089777 
0.184352 0.413224 0.159347 0.214870 0.028207 
0.359916 0.143788 0.222014 0.071256 0.203027 
0.032397 0.149959 0.252364 0.367996 0.197284 
0.224981 0.143889 0.052430 0.419063 0.159637 
0.279190 0.049542 0.173459 0.231994 0.265815 
0.085639 0.034562 0.244672 0.156453 0.478674 
0.311402 0.062233 0.041984 0.158610 0.425771 
0.283503 0.237220 0.114592 0.159483 0.205202 
0.013147 0.363958 0.449004 0.052816 0.121074 
0.367596 0.079494 0.252287 0.230381 0.070242 
0.198901 0.191732 0.232263 0.220951 0.156152 
0.243558 0.195860 0.241941 0.250455 0.068185 
0.058216 0.352575 0.185859 0.215778 0.187572 
0.065261 0.206194 0.394151 0.084457 0.249936 
0.048891 0.472113 0.225645 0.147180 0.106170 
0.207575 0.247346 0.100069 0.238125 0.206885 
0.289891 0.017848 0.052663 0.043846 0.595753 
0.118814 0.571212 0.096445 0.002460 0.211068 
0.183390 0.093063 0.185398 0.441025 0.097124 
0.555180 0.084849 0.017476 0.036035 0.306459 
0.148927 0.198020 0.443245 0.088674 0.121134 
0.079342 0.194387 0.354585 0.132374 0.239312 
0.164687 0.032914 0.094838 0.316404 0.391157 
0.072882 0.273950 0.259761 0.162870 0.230538 
0.172731 0.170161 0.131819 0.478138 0.047151 
0.209865 0.031236 0.282307 0.164978 0.311614 
0.205541 0.084081 0.178854 0.052799 0.478725 
0.160537 0.266116 0.252070 0.305676 0.015602 
0.438835 0.156823 0.216980 0.048355 0.139008 
0.184047 0.176318 0.183444 0.366006 0.090185 
0.245924 0.048864 0.253154 0.062882 0.389176 
0.443724 0.085135 0.022351 0.183608 0.265181 
0.197587 0.090765 0.414903 0.248726 0.048019 
0.152279 0.574976 0.011035 0.174343 0.087367 
0.026139 0.472085 0.061396 0.085131 0.355249 
0.199695 0.062879 0.249132 0.255770 0.232524 
0.051360 0.014447 0.081878 0.143346 0.708969 
0.053977 0.156732 0.302594 0.410167 0.076531 
0.320343 0.306110 0.021767 0.109422 0.242357 
0.066406 0.092651 0.230410 0.348571 0.261962 
0.146419 0.327700 0.127090 0.081747 0.317043 
0.065641 0.251502 0.286498 0.196146 0.200213 
0.153676 0.054317 0.287615 0.474629 0.029762 
0.098615 0.186770 0.190091 0.109987 0.414537 
0.208242 0.189544 0.097556 0.157490 0.347168 
0.186386 0.029918 0.182526 0.281933 0.319236 
0.070115 0.083344 0.212146 0.366243 0.268153 
0.102519 0.179058 0.338294 0.036594 0.343535 
0.342908 0.354110 0.218003 0.001150 0.083829 
0.194042 0.332014 0.081184 0.117806 0.274954 
0.331038 0.227418 0.112346 0.205969 0.123230 
0.143517 0.058246 0.233650 0.432310 0.132276 
0.317877 0.273784 0.071547 0.255082 0.081710 
0.217845 0.136592 0.214206 0.209289 0.222067 
0.095860 0.297279 0.306238 0.197502 0.103121 
0.173392 0.183727 0.097241 0.302356 0.243285 
0.319614 0.516487 0.016844 0.101930 0.045125 
0.270307 0.150367 0.000218 0.122214 0.456895 
0.103256 0.049187 0.097422 0.627647 0.122487 
0.371443 0.119602 0.258456 0.126553 0.123945 
0.076462 0.270547 0.362967 0.241956 0.048067 
0.540295 0.139202 0.067289 0.245024 0.008190 
0.205102 0.321071 0.214265 0.163143 0.096419 
0.335401 0.261240 0.240013 0.111303 0.052043 
0.189705 0.077485 0.101706 0.034742 0.596362 
0.058980 0.156480 0.349773 0.161650 0.273117 
0.104208 0.282699 0.193588 0.077138 0.342367 
0.165635 0.124495 0.418778 0.135272 0.155819 
0.293019 0.255733 0.160335 0.229634 0.061279 
0.289404 0.094166 0.105390 0.190192 0.320847 
0.221813 0.262409 0.032573 0.089632 0.393573 
0.196719 0.156209 0.201391 0.322735 0.122946 
0.292616 0.098417 0.226442 0.357785 0.024740 
0.251205 0.342638 0.279798 0.049793 0.076566 
0.109211 0.330155 0.054863 0.186981 0.318790 
0.258759 0.345522 0.111763 0.152550 0.131407 
0.041866 0.130331 0.068769 0.223171 0.535864 
0.083271 0.215363 0.127929 0.333951 0.239486 
0.274617 0.142561 0.190177 0.236557 0.156089 
0.216010 0.092771 0.104485 0.393881 0.192852 
0.030351 0.020262 0.237489 0.440294 0.271604 
0.355972 0.129382 0.137144 0.295467 0.082035 
0.423418 0.061147 0.221010 0.246536 0.047889 
0.064645 0.189689 0.182147 0.454124 0.109395 
0.167682 0.173498 0.501642 0.064143 0.093035 
0.495217 0.136387 0.192669 0.167398 0.008328 
0.209552 0.040436 0.158983 0.169205 0.421823 
0.084404 0.052404 0.291146 0.315757 0.256289 
0.224050 0.214063 0.242473 0.225863 0.093552 
0.246380 0.192139 0.053933 0.047418 0.460129 
0.151209 0.329328 0.306682 0.181641 0.031141 
0.339554 0.205772 0.044417 0.203875 0.206382 
0.355960 0.418271 0.116325 0.024515 0.084930 
0.180482 0.150132 0.095498 0.270806 0.303082 
0.298122 0.075481 0.342830 0.250608 0.032959 
0.387106 0.239914 0.127446 0.018784 0.226751 
0.201987 0.249869 0.138536 0.170107 0.239501 
0.313861 0.216433 0.031853 0.059363 0.378490 
0.100241 0.282135 0.174266 0.021657 0.421700 
0.209083 0.054432 0.216207 0.019481 0.500797 
0.052404 0.202365 0.180507 0.299415 0.265309 
0.143693 0.169941 0.382281 0.157496 0.146588 
0.388103 0.007193 0.084488 0.133793 0.386423 
0.375246 0.276270 0.167270 0.016632 0.164582 
0.193768 0.189961 0.240990 0.056564 0.318716 
0.043052 0.445399 0.040102 0.247347 0.224100 
0.212707 0.259588 0.209398 0.117355 0.200952 
0.537212 0.097779 0.073601 0.256075 0.035332 
0.462875 0.083080 0.013243 0.076716 0.364086 
0.229337 0.125128 0.109272 0.416886 0.119377 
0.297568 0.122024 0.140011 0.436669 0.003729 
0.020972 0.287875 0.273217 0.354586 0.063350 
0.036889 0.276576 0.206499 0.225662 0.254374 
0.214061 0.078820 0.111188 0.310670 0.285262 
0.023930 0.218194 0.005402 0.074303 0.678171 
0.231897 0.253058 0.262479 0.073939 0.178628 
0.244943 0.054424 0.122375 0.548366 0.029892 
0.063746 0.274439 0.160146 0.313290 0.188379 
0.210495 0.031833 0.514896 0.110336 0.132440 
0.008340 0.164457 0.335038 0.391414 0.100751 
0.256320 0.262474 0.032855 0.348057 0.100294 
0.348779 0.003521 0.064585 0.145198 0.437916 
0.221568 0.284721 0.077239 0.332839 0.083633 
0.612197 0.162050 0.085164 0.123055 0.017534 
0.154018 0.216714 0.177837 0.404306 0.047126 
0.002142 0.110780 0.521733 0.019781 0.345564 
0.008500 0.073699 0.188539 0.367168 0.362094 
0.059480 0.021392 0.421600 0.107346 0.390182 
0.402218 0.317327 0.172834 0.098190 0.009430 
0.319010 0.070505 0.127437 0.351279 0.131769 
0.007964 0.302645 0.395763 0.049129 0.244499 
0.001964 0.187039 0.354030 0.144755 0.312211 
0.017159 0.307860 0.230734 0.100286 0.343961 
0.248107 0.077188 0.155634 0.428583 0.090488 
0.155177 0.082826 0.221245 0.260154 0.280598 
0.121500 0.020489 0.019282 0.459337 0.379392 
0.041673 0.056561 0.217265 0.303369 0.381132 
0.159188 0.166794 0.113721 0.272982 0.287316 
0.060325 0.107918 0.649030 0.148658 0.034070 
0.089752 0.083440 0.093509 0.410641 0.322658 
0.299853 0.046270 0.160180 0.288168 0.205530 
0.130046 0.225439 0.323673 0.235827 0.085014 
0.265386 0.152004 0.261297 0.164351 0.156962 
0.166151 0.047140 0.081357 0.353256 0.352096 
0.212164 0.289242 0.035611 0.188366 0.274617 
0.297867 0.115422 0.117292 0.156487 0.312931 
0.242768 0.049916 0.246872 0.307147 0.153297 
0.233661 0.199118 0.211890 0.074954 0.280376 
0.067329 0.179480 0.170526 0.516927 0.065739 
0.362676 0.047939 0.249861 0.058066 0.281458 
0.057724 0.222705 0.152810 0.419829 0.146932 
0.098060 0.134806 0.087530 0.268972 0.410632 
0.282738 0.011358 0.045879 0.347609 0.312416 
0.171185 0.265115 0.152076 0.006414 0.405211 
0.110862 0.242965 0.308745 0.029894 0.307535 
0.117070 0.482741 0.050716 0.254160 0.095314 
0.253060 0.200465 0.097231 0.410724 0.038520 
0.389812 0.198024 0.212259 0.170242 0.029663 
0.367877 0.337882 0.123903 0.021483 0.148854 
0.269125 0.097976 0.313941 0.213832 0.105127 
0.262376 0.382835 0.274891 0.077774 0.002124 
0.227721 0.436578 0.142983 0.064256 0.128462 
0.231752 0.290410 0.039586 0.090947 0.347306 
0.356209 0.165474 0.234997 0.010705 0.232616 
0.020530 0.231161 0.346212 0.071202 0.330894 
0.107746 0.213578 0.020917 0.472266 0.185493 
0.073793 0.040978 0.362657 0.228796 0.293776 
0.079347 0.227835 0.416505 0.249926 0.026387 
0.083527 0.438966 0.190516 0.096004 0.190987 
0.082232 0.190491 0.415044 0.268391 0.043842 
0.626343 0.013190 0.050556 0.212001 0.097909 
0.229030 0.356251 0.171502 0.216700 0.026518 
0.162758 0.161686 0.203539 0.202185 0.269832 
0.033383 0.443996 0.047308 0.108136 0.367177 
0.242978 0.282525 0.141047 0.077126 0.256324 
0.404365 0.196516 0.241397 0.097279 0.060444 
0.304369 0.066356 0.164069 0.395832 0.069374 
0.121309 0.159037 0.347905 0.353113 0.018636 
0.343330 0.282242 0.007187 0.027511 0.339730 
0.172097 0.227410 0.059570 0.504752 0.036172 
0.121742 0.185239 0.289539 0.373986 0.029494 
0.247688 0.318666 0.072970 0.074407 0.286269 
0.026509 0.294590 0.143730 0.388810 0.146361 
0.213931 0.096541 0.256340 0.308599 0.124589 
0.593658 0.117513 0.169949 0.031575 0.087305 
0.526894 0.015046 0.137604 0.156766 0.163690 
0.237123 0.060663 0.002665 0.119430 0.580120 
0.319385 0.285324 0.088962 0.228431 0.077897 
0.323658 0.344447 0.133453 0.177585 0.020856 
0.131238 0.266493 0.276169 0.104616 0.221484 
0.329218 0.088668 0.554156 0.010677 0.017281 
0.417397 0.380884 0.042796 0.029636 0.129288 
0.211743 0.049783 0.437908 0.079537 0.221027 
0.249567 0.419746 0.000165 0.248002 0.082520 
0.235931 0.100835 0.300641 0.089173 0.273419 
0.094264 0.289217 0.203434 0.169899 0.243187 
0.383717 0.122501 0.222517 0.227507 0.043758 
0.089235 0.221036 0.484801 0.144493 0.060435 
0.194563 0.020306 0.119100 0.393196 0.272836 
0.043639 0.182945 0.277097 0.392773 0.103546 
0.207543 0.134585 0.138442 0.122875 0.396555 
0.350870 0.242382 0.135678 0.079922 0.191149 
0.264806 0.309070 0.074752 0.265007 0.086364 
0.002425 0.404765 0.171481 0.226908 0.194421 
0.222372 0.194444 0.132982 0.385197 0.065005 
0.458453 0.143229 0.068783 0.248640 0.080895 
0.347026 0.069696 0.009983 0.298038 0.275257 
0.143962 0.337854 0.222297 0.230284 0.065603 
0.222247 0.026779 0.564338 0.050251 0.136385 
0.202798 0.160321 0.096860 0.289037 0.250984 
0.351524 0.124429 0.437229 0.056253 0.030564 
0.406965 0.054419 0.211247 0.057224 0.270145 
0.221561 0.090191 0.149618 0.488507 0.050124 
0.355311 0.243678 0.093935 0.277576 0.029501 
0.309274 0.218214 0.232694 0.101016 0.138802 
0.041649 0.596837 0.150608 0.093840 0.117066 
0.143218 0.247214 0.268385 0.238768 0.102414 
0.079379 0.484777 0.022363 0.051235 0.362247 
0.510686 0.142563 0.062869 0.136293 0.147590 
0.175868 0.272110 0.269157 0.197747 0.085119 
0.034096 0.127838 0.365252 0.369644 0.103170 
0.044553 0.239052 0.320439 0.226905 0.169051 
0.157586 0.078329 0.462282 0.293780 0.008023 
0.221621 0.102814 0.021366 0.195270 0.458929 
0.075452 0.285362 0.145334 0.107243 0.386609 
0.125995 0.180952 0.188865 0.410643 0.093545 
0.152569 0.128591 0.269200 0.201170 0.248470 
0.066819 0.154516 0.184176 0.056046 0.538442 
0.200076 0.278421 0.194920 0.281456 0.045127 
0.087086 0.389059 0.210773 0.105263 0.207819 
0.102554 0.460951 0.086247 0.161999 0.188249 
0.180896 0.191788 0.115408 0.367909 0.143998 
0.273157 0.214679 0.141140 0.113133 0.257890 
0.087256 0.228066 0.280964 0.056658 0.347057 
0.295583 0.458849 0.179682 0.018753 0.047134 
0.251122 0.127796 0.110249 0.405659 0.105174 
0.183291 0.372726 0.248050 0.123080 0.072853 
0.456263 0.024442 0.073192 0.249520 0.196583 
0.154618 0.194691 0.436980 0.209883 0.003829 
0.083259 0.134209 0.347670 0.189950 0.244912 
0.358804 0.182611 0.119087 0.008893 0.330604 
0.058142 0.410369 0.328922 0.079234 0.123333 
0.188526 0.245875 0.364960 0.056156 0.144483 
0.261339 0.070208 0.095471 0.415136 0.157846 
0.139733 0.113207 0.528300 0.193525 0.025235 
0.045745 0.026090 0.404591 0.380236 0.143338 
0.168831 0.196239 0.399458 0.122223 0.113248 
0.022230 0.258311 0.234499 0.196206 0.288754 
0.247993 0.054021 0.258506 0.300313 0.139167 
0.417517 0.137958 0.203231 0.165943 0.075352 
0.280875 0.078269 0.352551 0.015190 0.273115 
0.109209 0.012053 0.135361 0.468913 0.274465 
0.050622 0.256925 0.343172 0.059211 0.290070 
0.318945 0.241494 0.071127 0.289695 0.078739 
0.229450 0.411164 0.185928 0.063382 0.110077 
0.126656 0.022292 0.059322 0.318017 0.473713 
0.028803 0.104514 0.472650 0.367567 0.026466 
0.110828 0.274260 0.072354 0.220823 0.321734 
0.081690 0.213993 0.097313 0.417372 0.189632 
0.062417 0.167347 0.343333 0.170273 0.256629 
0.210600 0.020521 0.043251 0.200196 0.525432 
0.089983 0.153827 0.551169 0.009809 0.195212 
0.347726 0.209095 0.170081 0.215272 0.057826 
0.398570 0.105313 0.109487 0.194845 0.191785 
0.139839 0.188430 0.379160 0.152130 0.140442 
0.452693 0.171931 0.033873 0.229262 0.112241 
0.175290 0.398484 0.095661 0.043147 0.287419 
0.279895 0.056471 0.043584 0.572458 0.047592 
0.015864 0.088262 0.789142 0.005922 0.100809 
0.339834 0.048107 0.100621 0.280693 0.230745 
0.128200 0.104670 0.357879 0.078905 0.330347 
0.032754 0.459384 0.076489 0.355311 0.076062 
0.225587 0.028070 0.041679 0.204014 0.500650 
0.287767 0.257962 0.096770 0.090687 0.266813 
0.051538 0.231480 0.001530 0.315419 0.400033 
0.223232 0.216059 0.394005 0.133721 0.032982 
0.192700 0.058017 0.568812 0.060612 0.119859 
0.205472 0.031009 0.427523 0.258614 0.077383 
0.346327 0.139872 0.148418 0.022288 0.343095 
0.230685 0.197032 0.164788 0.274624 0.132872 
0.476136 0.056095 0.180508 0.238790 0.048471 
0.152673 0.163530 0.550470 0.060357 0.072969 
0.220761 0.175086 0.235682 0.091362 0.277109 
0.295867 0.282334 0.148498 0.216577 0.056723 
0.095806 0.223526 0.350448 0.173930 0.156291 
0.032729 0.001643 0.498708 0.090232 0.376688 
0.421932 0.185227 0.184129 0.105561 0.103151 
0.160111 0.278112 0.027605 0.419809 0.114363 
0.068117 0.236269 0.338419 0.038304 0.318891 
0.263515 0.080460 0.141810 0.384019 0.130196 
0.371334 0.165809 0.047312 0.243238 0.172307 
0.230511 0.294922 0.041790 0.087020 0.345757 
0.002815 0.130106 0.204664 0.175332 0.487084 
0.071787 0.214945 0.191626 0.392009 0.129633 
0.281156 0.093774 0.023194 0.493292 0.108585 
0.487943 0.158316 0.156025 0.017270 0.180446 
0.066066 0.341609 0.122742 0.301254 0.168329 
0.141449 0.179003 0.261135 0.275940 0.142474 
0.211018 0.206154 0.265544 0.053535 0.263749 
0.044750 0.119879 0.682814 0.103122 0.049436 
0.295455 0.083431 0.010937 0.502327 0.107850 
0.452497 0.278850 0.085278 0.163534 0.019841 
0.068931 0.045008 0.241134 0.118675 0.526252 
0.154492 0.092774 0.561509 0.030789 0.160436 
0.028243 0.809803 0.059734 0.001039 0.101180 
0.282588 0.091013 0.269677 0.096624 0.260098 
0.449892 0.127313 0.035402 0.040185 0.347208 
0.308491 0.218681 0.111421 0.122959 0.238448 
0.191978 0.018945 0.140063 0.185118 0.463896 
0.064336 0.287190 0.133546 0.020920 0.494009 
0.359873 0.523627 0.007596 0.032329 0.076575 
0.251559 0.084794 0.579818 0.020915 0.062913 
0.202044 0.067522 0.441695 0.032015 0.256725 
0.003193 0.180274 0.373292 0.336143 0.107098 
0.244360 0.006467 0.305371 0.222582 0.221221 
0.022683 0.349804 0.526968 0.066997 0.033549 
0.029171 0.432951 0.096112 0.155173 0.286594 
0.112173 0.171743 0.599721 0.020078 0.096285 
0.016776 0.253536 0.116035 0.357878 0.255774 
0.106911 0.048228 0.600476 0.029515 0.214869 
0.341229 0.003858 0.128975 0.173745 0.352193 
0.222477 0.169504 0.370988 0.233309 0.003722 
0.456549 0.322909 0.101030 0.092174 0.027337 
0.152762 0.146855 0.116898 0.327601 0.255884 
0.059511 0.025017 0.300762 0.000324 0.614386 
0.233976 0.050232 0.340255 0.125831 0.249705 
0.397776 0.017546 0.034701 0.463983 0.085995 
0.136172 0.423891 0.126000 0.266795 0.047141 
0.391238 0.144021 0.297165 0.039180 0.128396 
0.166389 0.067934 0.485093 0.246719 0.033865 
0.053759 0.544485 0.125084 0.043826 0.232847 
0.072743 0.251737 0.344258 0.061779 0.269483 
0.380333 0.188373 0.140021 0.081471 0.209801 
0.041282 0.356447 0.195846 0.042343 0.364081 
0.274286 0.127687 0.243294 0.170587 0.184146 
0.198336 0.145512 0.223761 0.261573 0.170818 
0.137631 0.170982 0.466122 0.031390 0.193875 
0.214862 0.140786 0.397633 0.195569 0.051150 
0.142316 0.317019 0.000097 0.089852 0.450715 
0.346632 0.402392 0.130835 0.092451 0.027690 
0.262421 0.064459 0.110152 0.125498 0.437470 
0.014394 0.398819 0.152141 0.158292 0.276353 
0.440866 0.148592 0.168065 0.026872 0.215606 
0.218273 0.051119 0.107458 0.503184 0.119966 
0.268413 0.016740 0.240146 0.157766 0.316935 
0.484458 0.180551 0.202170 0.000521 0.132300 
0.350449 0.019514 0.006507 0.015351 0.608179 
0.176037 0.276363 0.089245 0.322240 0.136115 
0.252502 0.452298 0.103752 0.106791 0.084657 
0.124922 0.115007 0.129722 0.254020 0.376329 
0.089382 0.249165 0.406996 0.024341 0.230116 
0.268410 0.062701 0.056244 0.164416 0.448229 
0.097267 0.493436 0.325951 0.004168 0.079178 
0.260848 0.245975 0.158629 0.158254 0.176294 
0.064380 0.227528 0.096785 0.247431 0.363876 
0.072796 0.224211 0.360523 0.296084 0.046385 
0.202347 0.177967 0.219347 0.337338 0.063001 
0.100700 0.244168 0.241790 0.350182 0.063160 
0.047051 0.116242 0.389940 0.327127 0.119639 
0.248212 0.251013 0.327313 0.042812 0.130649 
0.375533 0.211787 0.293394 0.034709 0.084576 
0.269947 0.076516 0.523069 0.091552 0.038916 
0.088640 0.279256 0.338214 0.249443 0.044448 
0.107062 0.426013 0.093119 0.121408 0.252398 
0.273529 0.013469 0.405729 0.035081 0.272193 
0.416880 0.112073 0.047257 0.228716 0.195073 
0.121376 0.128186 0.429276 0.073289 0.247873 
0.463103 0.172001 0.295986 0.026647 0.042262 
0.273383 0.114888 0.105381 0.155391 0.350957 
0.425795 0.202405 0.049963 0.171980 0.149857 
0.231763 0.277046 0.018593 0.071919 0.400680 
0.297796 0.352842 0.088399 0.091178 0.169785 
0.252365 0.169956 0.119613 0.401241 0.056825 
0.257455 0.133969 0.259796 0.275070 0.073710 
0.343936 0.195969 0.309651 0.038050 0.112393 
0.079354 0.132154 0.006440 0.604649 0.177403 
0.393574 0.153047 0.099193 0.152734 0.201452 
0.393853 0.161497 0.071211 0.277541 0.095897 
0.128046 0.233275 0.223731 0.279235 0.135713 
0.050710 0.028720 0.288142 0.308314 0.324114 
0.089281 0.371897 0.276269 0.121843 0.140710 
0.029580 0.279921 0.303863 0.086503 0.300133 
0.365627 0.284700 0.061244 0.164602 0.123828 
0.099740 0.291959 0.137684 0.046224 0.424394 
0.355593 0.101198 0.345798 0.024246 0.173164 
0.155063 0.052714 0.275271 0.310162 0.206790 
0.214405 0.215063 0.307921 0.200329 0.062283 
0.502567 0.031655 0.000114 0.410856 0.054808 
0.281681 0.040015 0.516289 0.028377 0.133638 
0.146758 0.072283 0.288179 0.080013 0.412767 
0.272572 0.236821 0.136827 0.097971 0.255809 
0.207430 0.041501 0.455996 0.273820 0.021254 
0.015394 0.012869 0.097412 0.403315 0.471010 
0.301992 0.355411 0.238019 0.088026 0.016552 
0.201679 0.076466 0.709738 0.009435 0.002683 
0.101145 0.246344 0.134119 0.356326 0.162065 
0.182260 0.057199 0.224494 0.428374 0.107674 
0.200626 0.128931 0.282942 0.198171 0.189330 
0.241162 0.178038 0.244739 0.205659 0.130403 
0.011269 0.165564 0.332111 0.162436 0.328621 
0.015333 0.207113 0.148852 0.367899 0.260802 
0.458590 0.016300 0.039945 0.342122 0.143042 
0.277638 0.326602 0.151577 0.135141 0.109043 
0.111124 0.069110 0.075456 0.338166 0.406144 
0.434334 0.016144 0.207694 0.119372 0.222456 
0.200815 0.159924 0.242243 0.286918 0.110101 
0.434767 0.206140 0.008576 0.110062 0.240455 
0.356725 0.252054 0.080145 0.008508 0.302568 
0.215657 0.356602 0.174100 0.154330 0.099310 
0.124009 0.199458 0.103747 0.230042 0.342744 
0.027991 0.001521 0.420618 0.356666 0.193204 
0.087932 0.233058 0.066622 0.182436 0.429952 
0.071946 0.158712 0.130061 0.530013 0.109269 
0.430988 0.185925 0.165276 0.114292 0.103519 
0.211584 0.472182 0.113281 0.061799 0.141155 
0.457086 0.010278 0.201035 0.059826 0.271775 
0.377708 0.136889 0.066462 0.027658 0.391284 
0.144462 0.306572 0.226879 0.155556 0.166531 
0.178244 0.243455 0.098303 0.064700 0.415298 
0.176209 0.395198 0.072737 0.029456 0.326400 
0.011346 0.455202 0.039993 0.068847 0.424612 
0.038426 0.416046 0.324053 0.122916 0.098558 
0.164767 0.339663 0.267297 0.204325 0.023948 
0.432473 0.103248 0.267544 0.195610 0.001126 
0.108627 0.107136 0.048615 0.060216 0.675407 
0.133418 0.154095 0.262125 0.110953 0.339409 
0.005456 0.110628 0.061744 0.427884 0.394287 
0.078228 0.409933 0.058699 0.110811 0.342329 
0.077030 0.140379 0.453197 0.018841 0.310553 
0.263308 0.361941 0.034009 0.152354 0.188389 
0.052937 0.031067 0.174348 0.598496 0.143153 
0.648797 0.003926 0.161500 0.134685 0.051092 
0.252698 0.076441 0.343393 0.080229 0.247240 
0.310915 0.294687 0.128297 0.067528 0.198572 
0.138019 0.407899 0.064927 0.226517 0.162638 
0.246364 0.293226 0.029902 0.303253 0.127255 
0.087653 0.239878 0.096149 0.276972 0.299348 
0.326875 0.100578 0.251521 0.139963 0.181063 
0.086940 0.400895 0.123509 0.236848 0.151808 
0.448474 0.329018 0.082035 0.013098 0.127375 
0.190355 0.577775 0.085778 0.015195 0.130897 
0.147877 0.289126 0.235135 0.311775 0.016087 
0.202475 0.065773 0.264093 0.316038 0.151622 
0.166750 0.339683 0.372977 0.020453 0.100137 
0.243108 0.376544 0.269365 0.024725 0.086258 
0.180962 0.291682 0.033239 0.416438 0.077681 
0.269131 0.179182 0.071900 0.386092 0.093696 
0.091871 0.217986 0.208508 0.155878 0.325758 
0.004683 0.430679 0.265920 0.084716 0.214003 
0.394771 0.061820 0.145329 0.205597 0.192483 
0.071592 0.371413 0.336119 0.144769 0.076107 
0.297667 0.307583 0.137495 0.166541 0.090713 
0.121200 0.246168 0.373767 0.195599 0.063266 
0.170225 0.150527 0.265570 0.100203 0.313475 
0.321576 0.313378 0.147754 0.132477 0.084815 
0.064429 0.243190 0.264830 0.316338 0.111214 
0.208460 0.068555 0.358515 0.023610 0.340861 
0.605416 0.154773 0.166382 0.070801 0.002628 
0.172375 0.097415 0.115502 0.109424 0.505283 
0.269165 0.090463 0.563879 0.007172 0.069321 
0.004916 0.270739 0.383014 0.060340 0.280991 
0.087177 0.044057 0.079232 0.678307 0.111228 
0.092286 0.127767 0.413099 0.323891 0.042957 
0.075351 0.023922 0.070387 0.570144 0.260197 
0.155703 0.216036 0.095814 0.134562 0.397885 
0.350129 0.033928 0.158832 0.031052 0.426060 
0.068598 0.054727 0.564547 0.105305 0.206823 
0.113199 0.499921 0.294745 0.029936 0.062200 
0.399005 0.178586 0.063893 0.296768 0.061747 
0.102544 0.015416 0.347070 0.261236 0.273734 
0.018143 0.260639 0.361635 0.337965 0.021618 
0.417865 0.040407 0.166384 0.282171 0.093173 
0.051296 0.232045 0.066678 0.236179 0.413802 
0.278191 0.157578 0.186181 0.338041 0.040009 
0.235819 0.142593 0.251953 0.210418 0.159217 
0.071551 0.093458 0.520987 0.018742 0.295262 
0.215750 0.015254 0.092701 0.296434 0.379862 
0.130183 0.444260 0.078904 0.248917 0.097735 
0.143467 0.176480 0.355248 0.135791 0.189014 
0.266869 0.655494 0.022788 0.032204 0.022645 
0.048613 0.206187 0.220407 0.078386 0.446407 
0.310213 0.066722 0.315722 0.201967 0.105375 
0.080563 0.439571 0.154916 0.264677 0.060273 
0.214606 0.204332 0.347683 0.091940 0.141440 
0.100619 0.319302 0.033640 0.391469 0.154971 
0.280191 0.289648 0.220361 0.190670 0.019130 
0.150157 0.162643 0.225422 0.279490 0.182288 
0.263139 0.124667 0.247568 0.171156 0.193470 
0.085798 0.217752 0.018543 0.409118 0.268789 
0.337430 0.188106 0.026665 0.309297 0.138501 
0.178264 0.254205 0.033078 0.203205 0.331247 
0.355729 0.233073 0.027305 0.282280 0.101614 
0.015760 0.323910 0.276253 0.083411 0.300667 
0.200840 0.409293 0.071210 0.062023 0.256634 
0.284761 0.186735 0.066599 0.074509 0.387396 
0.290901 0.091162 0.349255 0.183635 0.085046 
0.121794 0.390012 0.144446 0.236793 0.106956 
0.082556 0.182298 0.073312 0.261852 0.399982 
0.529636 0.029772 0.054791 0.117895 0.267906 
0.206847 0.103236 0.010155 0.523282 0.156480 
0.249481 0.392628 0.090300 0.037222 0.230369 
0.257901 0.273613 0.098245 0.198929 0.171312 
0.217525 0.213331 0.121229 0.165709 0.282207 
0.134156 0.069840 0.101043 0.448206 0.246755 
0.086290 0.146970 0.216673 0.154870 0.395196 
0.122006 0.205458 0.201862 0.210995 0.259679 
0.256171 0.104093 0.495556 0.139376 0.004804 
0.387826 0.369024 0.155011 0.008368 0.079771 
0.251437 0.074098 0.096866 0.418920 0.158679 
0.052964 0.253918 0.027872 0.464653 0.200592 
0.215086 0.460547 0.069474 0.110022 0.144871 
0.259625 0.185959 0.133350 0.044289 0.376778 
0.042668 0.276764 0.348906 0.242568 0.089094 
0.604707 0.037399 0.091730 0.058727 0.207436 
0.178946 0.107590 0.034769 0.313861 0.364834 
0.041744 0.385847 0.237067 0.189412 0.145930 
0.120608 0.049867 0.418461 0.252349 0.158715 
0.023777 0.287366 0.400979 0.110420 0.177458 
0.139506 0.408812 0.170295 0.141073 0.140315 
0.132366 0.308359 0.199952 0.229978 0.129345 
0.257580 0.035817 0.062861 0.297564 0.346178 
0.204773 0.244534 0.002169 0.498781 0.049742 
0.116207 0.576717 0.058475 0.082818 0.165783 
0.273399 0.233799 0.036914 0.109685 0.346203 
0.333252 0.270752 0.272334 0.048001 0.075661 
0.105005 0.333795 0.145678 0.402480 0.013042 
0.242552 0.157866 0.244534 0.121104 0.233944 
0.121144 0.129777 0.163837 0.407831 0.177412 
0.394596 0.018460 0.145190 0.313288 0.128466 
0.262031 0.329658 0.257837 0.020606 0.129867 
0.145236 0.461426 0.056308 0.237837 0.099193 
0.349869 0.075479 0.133796 0.293630 0.147227 
0.427341 0.009198 0.227030 0.118180 0.218250 
0.169143 0.253604 0.054492 0.282142 0.240620 
0.000952 0.194864 0.323961 0.419783 0.060440 
0.185714 0.227743 0.135996 0.103644 0.346904 
0.025316 0.213996 0.169562 0.286501 0.304625 
0.311352 0.070755 0.307993 0.241511 0.068389 
0.100082 0.346616 0.214132 0.295999 0.043171 
0.054076 0.031820 0.361589 0.083849 0.468666 
0.038347 0.282143 0.005952 0.429956 0.243602 
0.365792 0.058251 0.036958 0.025845 0.513154 
0.116116 0.038688 0.449699 0.033278 0.362219 
0.006895 0.166282 0.084164 0.595498 0.147161 
0.277390 0.158220 0.024574 0.084647 0.455169 
0.153658 0.381305 0.224714 0.183009 0.057314 
0.356380 0.112421 0.345068 0.160822 0.025309 
0.085894 0.296431 0.268413 0.153098 0.196163 
0.268640 0.353133 0.052019 0.248677 0.077531 
0.488692 0.045598 0.100151 0.289580 0.075978 
0.198256 0.217805 0.275717 0.166957 0.141266 
0.078823 0.182191 0.197802 0.156358 0.384826 
0.280063 0.339428 0.243101 0.131553 0.005855 
0.455161 0.013640 0.050289 0.315950 0.164960 
0.122892 0.432485 0.174807 0.030897 0.238919 
0.030690 0.020870 0.445838 0.174031 0.328572 
0.276346 0.124343 0.271209 0.191017 0.137084 
0.393435 0.048193 0.024750 0.291950 0.241673 
0.333671 0.107465 0.384443 0.065840 0.108580 
0.151806 0.355183 0.270544 0.168442 0.054024 
0.351490 0.335294 0.004216 0.060464 0.248536 
0.058482 0.270299 0.306089 0.100889 0.264241 
0.203384 0.198437 0.124065 0.028654 0.445460 
0.255713 0.159825 0.219020 0.350182 0.015260 
0.060660 0.338992 0.395429 0.113556 0.091363 
0.073779 0.154822 0.402771 0.210988 0.157641 
0.313162 0.093545 0.030587 0.494062 0.068643 
0.236102 0.364744 0.244523 0.107878 0.046753 
0.003290 0.406002 0.289249 0.165226 0.136234 
0.205345 0.160506 0.101343 0.157353 0.375453 
0.197301 0.274457 0.088235 0.066911 0.373096 
0.127494 0.105028 0.045259 0.011278 0.710940 
0.137537 0.079117 0.004035 0.418776 0.360535 
0.254730 0.405352 0.010537 0.328036 0.001345 
0.211142 0.274062 0.145460 0.350922 0.018414 
0.314475 0.002021 0.112081 0.473483 0.097940 
0.083792 0.128214 0.194387 0.143653 0.449953 
0.347585 0.207903 0.128497 0.073695 0.242319 
0.082387 0.440178 0.171392 0.089674 0.216369 
0.235615 0.065793 0.092419 0.227093 0.379081 
0.464498 0.154894 0.069192 0.041864 0.269552 
0.113967 0.145019 0.154829 0.232109 0.354077 
0.273888 0.227480 0.185818 0.254178 0.058637 
0.092592 0.398166 0.232123 0.145094 0.132024 
0.446510 0.078530 0.220600 0.144238 0.110122 
0.018813 0.104421 0.668032 0.158205 0.050529 
0.049811 0.004002 0.479697 0.351748 0.114743 
0.081376 0.098859 0.042940 0.449177 0.327647 
0.181434 0.402973 0.086867 0.124910 0.203816 
0.160887 0.019969 0.082164 0.172426 0.564554 
0.165090 0.346372 0.116281 0.357223 0.015033 
0.050041 0.304591 0.170901 0.264113 0.210354 
0.114116 0.370854 0.093622 0.091584 0.329826 
0.352229 0.127190 0.192308 0.323740 0.004534 
0.066089 0.163823 0.152322 0.370244 0.247521 
0.159495 0.270463 0.466553 0.018415 0.085075 
0.223374 0.046695 0.212003 0.256537 0.261391 
0.147343 0.192047 0.044422 0.361599 0.254589 
0.428498 0.121625 0.234788 0.014926 0.200163 
0.332051 0.390071 0.265843 0.000081 0.011954 
0.453507 0.158698 0.041771 0.198231 0.147794 
0.131260 0.173464 0.078723 0.217351 0.399203 
0.158960 0.233268 0.347853 0.173758 0.086161 
0.091760 0.203417 0.275383 0.323360 0.106080 
0.067856 0.376235 0.038958 0.303557 0.213393 
0.068563 0.158164 0.403522 0.206474 0.163278 
0.214352 0.333717 0.193188 0.043118 0.215625 
0.187431 0.028988 0.186899 0.317881 0.278800 
0.131748 0.278663 0.168990 0.141474 0.279125 
0.218492 0.001427 0.316116 0.240133 0.223831 
0.122017 0.259337 0.414855 0.099778 0.104014 
0.139681 0.240668 0.281938 0.035950 0.301763 
0.028547 0.356400 0.308528 0.253875 0.052650 
0.254165 0.110511 0.028208 0.347792 0.259325 
0.396302 0.158551 0.278589 0.022456 0.144102 
0.196645 0.020271 0.151800 0.399626 0.231658 
0.190499 0.076930 0.407708 0.095853 0.229011 
0.169603 0.152333 0.213144 0.261185 0.203735 
0.066321 0.092152 0.385017 0.266666 0.189844 
0.190616 0.126952 0.390910 0.227558 0.063964 
0.171753 0.472281 0.092847 0.107259 0.155860 
0.213317 0.056663 0.235745 0.286292 0.207984 
0.243959 0.136462 0.191372 0.099110 0.329098 
0.082825 0.233639 0.090329 0.091591 0.501616 
0.251680 0.164456 0.141942 0.423765 0.018157 
0.066281 0.222550 0.280568 0.389287 0.041314 
0.183614 0.095864 0.134698 0.401280 0.184544 
0.056081 0.024981 0.053639 0.441108 0.424192 
0.234445 0.078742 0.140612 0.268720 0.277482 
0.060344 0.323382 0.527523 0.030432 0.058319 
0.158538 0.172652 0.336658 0.306499 0.025652 
0.297728 0.086593 0.170942 0.070483 0.374254 
0.036548 0.091143 0.554610 0.193747 0.123952 
0.350376 0.208141 0.365739 0.003566 0.072177 
0.323801 0.000795 0.166447 0.155991 0.352966 
0.267687 0.027584 0.176114 0.247623 0.280992 
0.080896 0.535979 0.182493 0.072942 0.127691 
0.081184 0.148796 0.258757 0.321773 0.189491 
0.229799 0.252769 0.126677 0.266245 0.124509 
0.229440 0.238956 0.216310 0.023744 0.291550 
0.033532 0.048383 0.398456 0.175171 0.344458 
0.581688 0.197481 0.015835 0.159260 0.045736 
0.250099 0.021344 0.307692 0.193224 0.227640 
0.357219 0.115520 0.136855 0.024783 0.365623 
0.114567 0.565493 0.106333 0.051202 0.162405 
0.275736 0.120674 0.021080 0.558898 0.023612 
0.206339 0.284856 0.117669 0.014340 0.376797 
0.169532 0.070191 0.085470 0.335859 0.338948 
0.164674 0.046000 0.096634 0.343156 0.349537 
0.123427 0.126190 0.265846 0.128248 0.356290 
0.240641 0.186062 0.207011 0.092434 0.273852 
0.152334 0.190208 0.348328 0.130035 0.179096 
0.240449 0.103914 0.018155 0.457340 0.180142 
0.251825 0.092435 0.413207 0.090502 0.152032 
0.072116 0.118336 0.227082 0.460165 0.122301 
0.056664 0.155688 0.107158 0.636218 0.044272 
0.045100 0.005913 0.509715 0.175156 0.264116 
0.264075 0.270677 0.074909 0.240836 0.149502 
0.080645 0.068303 0.069018 0.255173 0.526862 
0.170910 0.012864 0.340535 0.002201 0.473490 
0.123782 0.183768 0.049328 0.252317 0.390804 
0.170958 0.441143 0.029421 0.103208 0.255270 
0.139609 0.185266 0.286172 0.043966 0.344987 
0.270370 0.047283 0.305412 0.142169 0.234765 
0.144474 0.246872 0.141591 0.067669 0.399394 
0.187357 0.379042 0.176735 0.141894 0.114972 
0.436183 0.316801 0.120364 0.086037 0.040615 
0.278144 0.404864 0.028200 0.188932 0.099861 
0.215300 0.119358 0.150302 0.384928 0.130112 
0.003283 0.180450 0.196413 0.559552 0.060301 
0.026653 0.232945 0.354807 0.245708 0.139888 
0.011894 0.204894 0.154630 0.374829 0.253752 
0.208922 0.075926 0.135227 0.284334 0.295592 
0.024132 0.149971 0.389125 0.245455 0.191317 
0.179790 0.091089 0.094468 0.286335 0.348318 
0.084436 0.289808 0.130370 0.091774 0.403613 
0.153974 0.285176 0.383112 0.073876 0.103862 
0.004760 0.114514 0.490037 0.068751 0.321938 
0.368385 0.251864 0.034518 0.045019 0.300215 
0.262095 0.211449 0.063085 0.128015 0.335356 
0.130665 0.357575 0.220597 0.169709 0.121454 
0.229678 0.201398 0.517816 0.025524 0.025583 
0.081636 0.242267 0.197490 0.422819 0.055788 
0.103290 0.288381 0.318781 0.216213 0.073334 
0.266629 0.134000 0.117653 0.433393 0.048325 
0.169082 0.247025 0.235845 0.233366 0.114682 
0.164984 0.123099 0.171683 0.422270 0.117965 
0.192350 0.000199 0.352046 0.234576 0.220830 
0.089651 0.142759 0.418410 0.247531 0.101650 
0.180827 0.286158 0.180896 0.313611 0.038508 
0.231768 0.003473 0.242927 0.234204 0.287628 
0.371147 0.072017 0.212868 0.206647 0.137322 
0.490838 0.206798 0.057878 0.018737 0.225749 
0.122624 0.149849 0.315801 0.258030 0.153696 
0.161384 0.113550 0.236112 0.157300 0.331654 
0.093439 0.337716 0.241223 0.021113 0.306509 
0.004308 0.445644 0.096242 0.268175 0.185631 
0.255102 0.085235 0.340530 0.144963 0.174169 
0.268629 0.235693 0.226353 0.150457 0.118868 
0.305504 0.153049 0.414564 0.075153 0.051729 
0.665590 0.154517 0.074476 0.100404 0.005013 
0.170975 0.343389 0.102594 0.360270 0.022771 
0.089296 0.451749 0.137987 0.266961 0.054006 
0.259353 0.116203 0.087330 0.148732 0.388383 
0.242232 0.027063 0.350297 0.251924 0.128484 
0.082846 0.144694 0.243930 0.337100 0.191429 
0.136455 0.183229 0.121976 0.481836 0.076505 
0.129676 0.408385 0.127442 0.253375 0.081122 
0.318077 0.009923 0.053829 0.249197 0.368975 
0.105216 0.003615 0.388016 0.049411 0.453743 
0.038660 0.157542 0.026021 0.636191 0.141586 
0.102345 0.419861 0.238904 0.074807 0.164083 
0.014404 0.014581 0.063507 0.077722 0.829787 
0.134266 0.367860 0.111708 0.288424 0.097742 
0.091081 0.099140 0.275613 0.159010 0.375158 
0.363700 0.094152 0.272853 0.110302 0.158992 
0.335205 0.152533 0.210661 0.034563 0.267038 
0.153196 0.088405 0.415366 0.295316 0.047717 
0.073095 0.281443 0.195304 0.073203 0.376955 
0.004436 0.234834 0.225359 0.031182 0.504188 
0.346671 0.302357 0.038632 0.136142 0.176198 
0.391022 0.032954 0.092150 0.374129 0.109745 
0.054918 0.478130 0.122199 0.126410 0.218343 
0.315564 0.110767 0.066559 0.354867 0.152243 
0.246553 0.420947 0.120213 0.124237 0.088049 
0.404926 0.037394 0.020198 0.214303 0.323179 
0.212250 0.166994 0.068588 0.319290 0.232879 
0.450980 0.169965 0.247389 0.043823 0.087843 
0.185376 0.118129 0.105644 0.010250 0.580602 
0.481683 0.073629 0.113601 0.061535 0.269553 
0.090826 0.098106 0.495997 0.208950 0.106121 
0.295141 0.210521 0.011154 0.032625 0.450559 
0.410241 0.041597 0.089792 0.225345 0.233025 
0.129362 0.531493 0.213095 0.098229 0.027821 
0.190644 0.017663 0.551282 0.225838 0.014572 
0.076391 0.322673 0.061849 0.110013 0.429075 
0.179989 0.043870 0.484140 0.057069 0.234932 
0.236281 0.078077 0.274131 0.194357 0.217155 
0.241848 0.072251 0.528906 0.089408 0.067586 
0.198235 0.326179 0.241597 0.104861 0.129128 
0.077025 0.248433 0.184673 0.438477 0.051393 
0.280379 0.156969 0.130306 0.431986 0.000361 
0.164120 0.494480 0.097415 0.222629 0.021356 
0.661772 0.044508 0.052734 0.019069 0.221918 
0.243458 0.187780 0.272851 0.066335 0.229576 
0.245010 0.091654 0.198116 0.126893 0.338327 
0.317601 0.155970 0.438387 0.057204 0.030838 
0.139803 0.139946 0.583246 0.052463 0.084542 
0.010138 0.399524 0.127063 0.308836 0.154440 
0.154858 0.459208 0.257143 0.025824 0.102967 
0.241451 0.112097 0.035956 0.285410 0.325086 
0.289392 0.301135 0.275843 0.015342 0.118288 
0.030225 0.276378 0.170489 0.180039 0.342869 
0.156997 0.296449 0.245203 0.190024 0.111327 
0.129598 0.142992 0.034767 0.064004 0.628639 
0.077462 0.511659 0.143480 0.089040 0.178358 
0.165196 0.234267 0.084034 0.010210 0.506292 
0.321107 0.067575 0.143677 0.314754 0.152886 
0.212749 0.412518 0.023619 0.023997 0.327117 
0.074554 0.431190 0.068114 0.242266 0.183875 
0.257718 0.183981 0.265935 0.246290 0.046076 
0.215789 0.032597 0.029321 0.036609 0.685684 
0.025663 0.134878 0.102167 0.672764 0.064528 
0.321867 0.119883 0.109310 0.158776 0.290164 
0.303951 0.234062 0.048204 0.322663 0.091120 
0.218030 0.297015 0.320222 0.119986 0.044747 
0.326916 0.016576 0.302333 0.315005 0.039169 
0.328346 0.147310 0.079175 0.274235 0.170934 
0.102492 0.176056 0.151262 0.211384 0.358806 
0.304117 0.136790 0.240895 0.300638 0.017560 
0.259473 0.159104 0.331775 0.147886 0.101762 
0.191383 0.399194 0.100971 0.272844 0.035608 
0.022492 0.107790 0.422229 0.262343 0.185146 
0.123006 0.136626 0.158289 0.330582 0.251498 
0.334970 0.116826 0.026435 0.178857 0.342912 
0.331578 0.048365 0.146647 0.457019 0.016391 
0.418985 0.285203 0.006899 0.169878 0.119036 
0.395810 0.227005 0.075378 0.173775 0.128032 
0.214584 0.257843 0.269350 0.129183 0.129040 
0.087977 0.605109 0.249819 0.050115 0.006980 
0.190919 0.241917 0.224804 0.198357 0.144003 
0.317913 0.099856 0.200586 0.184640 0.197005 
0.370926 0.129818 0.235319 0.011713 0.252224 
